
2	32.9040296356683	-96.4574314470633	0	277	25	0	I30L1	N/A	NDB
2	32.8992256589177	-96.4824768014311	0	277	25	0	I30L2	N/A	NDB
2	32.8710261629565	-96.5426339836454	0	277	25	0	I30L3	N/A	NDB
2	32.8643137849220	-96.5561280426337	0	277	25	0	I30L4	N/A	NDB
2	32.8602084976526	-96.5645875628405	0	277	25	0	I30L5	N/A	NDB
2	32.8383069908968	-96.6131511092119	0	277	25	0	I30L6	N/A	NDB
2	32.8339514747531	-96.6199578445428	0	277	25	0	I30L7	N/A	NDB
2	32.8306719494872	-96.6255920569911	0	277	25	0	I30L8	N/A	NDB
2	32.8228177541351	-96.6395186534877	0	277	25	0	I30L9	N/A	NDB
2	32.8072392427546	-96.6712581926414	0	277	25	0	I30L10	N/A	NDB
2	32.8048438200859	-96.6761922416459	0	277	25	0	I30L11	N/A	NDB
2	32.8020586161443	-96.6839982990674	0	277	25	0	I30L12	N/A	NDB
2	32.7998779625346	-96.6921298467542	0	277	25	0	I30L13	N/A	NDB
2	32.7991940306619	-96.7149628392928	0	277	25	0	I30L14	N/A	NDB
2	32.7988715849554	-96.7243212694816	0	277	25	0	I30L15	N/A	NDB
2	32.7940711055734	-96.7683439899531	0	277	25	0	I30L16	N/A	NDB
2	32.7868825919309	-96.7828882759980	0	277	25	0	I30L17	N/A	NDB
2	32.7797732451483	-96.7868563270310	0	277	25	0	I30L18	N/A	NDB
2	32.7745047657453	-96.8196434221632	0	277	25	0	I30L19	N/A	NDB
2	32.7729170806359	-96.8419899998559	0	277	25	0	I30L20	N/A	NDB
2	32.7763467978987	-96.8731647840000	0	277	25	0	I30L21	N/A	NDB
2	32.7684526624340	-96.9097236924722	0	277	25	0	I30L22	N/A	NDB



2	32.7527208613597	-96.9076001283499	0	277	25	0	I30R1	N/A	NDB
2	32.7570891895065	-96.8531970847782	0	277	25	0	I30R2	N/A	NDB
2	32.7653659538056	-96.8175161200206	0	277	25	0	I30R3	N/A	NDB
2	32.763136725243	    -96.803047750751	0	277	25	0	I30R4	N/A	NDB
2	32.7756732909252	-96.7727471630527	0	277	25	0	I30R5	N/A	NDB
2	32.7798494934926	-96.7640142326568	0	277	25	0	I30R6	N/A	NDB
2	32.7858845871186	-96.759986902335	0	277	25	0	I30R7	N/A	NDB
2	32.7893801347664	-96.6998231051509	0	277	25	0	I30R8	N/A	NDB
2	32.7917595894208	-96.6887624378297	0	277	25	0	I30R9	N/A	NDB
2	32.7982263451688	-96.6664038195715	0	277	25	0	I30R10	N/A	NDB
2	32.8154549847724	-96.6327634514777	0	277	25	0	I30R11	N/A	NDB
2	32.8235580526125	-96.6200157061698	0	277	25	0	I30R12	N/A	NDB
2	32.8302202403468	-96.6071109847052	0	277	25	0	I30R13	N/A	NDB
2	32.8483656295725	-96.5593973449503	0	277	25	0	I30R14	N/A	NDB
2	32.8552034995865	-96.5464207615904	0	277	25	0	I30R15	N/A	NDB
2	32.8883195253278	-96.4766573524913	0	277	25	0	I30R16	N/A	NDB
2	32.8960552411459	-96.4544652416184	0	277	25	0	I30R17	N/A	NDB



2	32.9033669282082	-96.9020413742073	0	277	25	0	635L1	N/A	NDB
2	32.9052344432069	-96.8887458836634	0	277	25	0	635L2	N/A	NDB
2	32.9128893404164	-96.8560429357779	0	277	25	0	635L3	N/A	NDB
2	32.9209259208562	-96.8280770122823	0	277	25	0	635L4	N/A	NDB
2	32.9219972253889	-96.8120982768090	0	277	25	0	635L5	N/A	NDB
2	32.9196108386582	-96.7863412607360	0	277	25	0	635L6	N/A	NDB
2	32.9196008971537	-96.7715375984623	0	277	25	0	635L7	N/A	NDB
2	32.9187527572904	-96.7567177550106	0	277	25	0	635L8	N/A	NDB
2	32.8857658613172	-96.7115377151892	0	277	25	0	635L9	N/A	NDB
2	32.8694444923778	-96.6840833130752	0	277	25	0	635L10	N/A	NDB
2	32.8606950704026	-96.6640585256929	0	277	25	0	635L11	N/A	NDB
2	32.8447642906976	-96.6431424460069	0	277	25	0	635L12	N/A	NDB
2	32.8294174729462	-96.6362213589715	0	277	25	0	635L13	N/A	NDB
2	32.8157208813076	-96.6336147048249	0	277	25	0	635L14	N/A	NDB
2	32.7916426427324	-96.6309275913358	0	277	25	0	635L15	N/A	NDB



2	32.7916996401132	-96.6183453269105	0	277	25	0	635R1	N/A	NDB
2	32.8172681148855	-96.6231007382597	0	277	25	0	635R2	N/A	NDB
2	32.830881927327	    -96.6261924742409	0	277	25	0	635R3	N/A	NDB
2	32.847656992299	    -96.6301652173509	0	277	25	0	635R4	N/A	NDB
2	32.8570398956173	-96.6411748329352	0	277	25	0	635R5	N/A	NDB
2	32.8674172292833	-96.6581951721869	0	277	25	0	635R6	N/A	NDB
2	32.8755740828649	-96.6723363619796	0	277	25	0	635R7	N/A	NDB
2	32.8934724801781	-96.7041886830798	0	277	25	0	635R8	N/A	NDB
2	32.903500014382	    -96.7110823083922	0	277	25	0	635R9	N/A	NDB
2	32.9260680732868	-96.7483658471859	0	277	25	0	635R10	N/A	NDB
2	32.9270462757398	-96.754393751904	0	277	25	0	635R11	N/A	NDB
2	32.9294341693946	-96.76247220287	    0	277	25	0	635R12	N/A	NDB
2	32.9288197033108	-96.7720195788941	0	277	25	0	635R13	N/A	NDB
2	32.9301699116889	-96.8119984525702	0	277	25	0	635R14	N/A	NDB
2	32.9313566767256	-96.828113629626	0	277	25	0	635R15	N/A	NDB
2	32.9309439145407	-96.8371954010801	0	277	25	0	635R16	N/A	NDB
2	32.9212396997069	-96.860808216486	0	277	25	0	635R17	N/A	NDB
2	32.914011288697	    -96.89146813342	    0	277	25	0	635R18	N/A	NDB
2	32.9129219393782	-96.901828317408	0	277	25	0	635R19	N/A	NDB



2	32.7712614543762	-96.7730234017494	0	277	25	0	CENL1	N/A	NDB
2	32.7803614699300	-96.7753921772421	0	277	25	0	CENL2	N/A	NDB
2	32.7868815583216	-96.7828903438255	0	277	25	0	CENL3	N/A	NDB
2	32.807815682912	    -96.7882060508552	0	277	25	0	CENL4	N/A	NDB
2	32.8509577052426	-96.7649565939653	0	277	25	0	CENL5	N/A	NDB
2	32.8585223181256	-96.7650443801556	0	277	25	0	CENL6	N/A	NDB
2	32.8725365073765	-96.7651466766927	0	277	25	0	CENL7	N/A	NDB
2	32.8939694024274	-96.7639622045706	0	277	25	0	CENL8	N/A	NDB
2	32.9098612247075	-96.7634381074053	0	277	25	0	CENL9	N/A	NDB
2	32.9164406574899	-96.761862781321	0	277	25	0	CENL10	N/A	NDB
2	32.927039606063	    -96.7543958134577	0	277	25	0	CENL11	N/A	NDB
2	32.9428643747192	-96.7333759271347	0	277	25	0	CENL12	N/A	NDB
2	32.9723487974138	-96.7098839504079	0	277	25	0	CENL13	N/A	NDB
2	32.9862029627455	-96.7051315370185	0	277	25	0	CENL14	N/A	NDB
2	32.9972723168392	-96.7027669861526	0	277	25	0	CENL15	N/A	NDB
2	33.0108407461917	-96.7025759671044	0	277	25	0	CENL16	N/A	NDB
2	33.0250327227232	-96.7026779508386	0	277	25	0	CENL17	N/A	NDB
2	33.1103666107566	-96.6619175672751	0	277	25	0	CENL18	N/A	NDB
2	33.1355334301073	-96.6469382458845	0	277	25	0	CENL19	N/A	NDB
2	33.1420719759744	-96.6404715639223	0	277	25	0	CENL20	N/A	NDB
2	33.1672549626716	-96.6379733853075	0	277	25	0	CENL21	N/A	NDB



2	33.1701998258995	-96.6536744029203	0	277	25	0	CENR1	N/A	NDB
2	33.1442580845283	-96.6564514790071	0	277	25	0	CENR2	N/A	NDB
2	33.1287405416420	-96.6669262543022	0	277	25	0	CENR3	N/A	NDB
2	33.1148755712335	-96.6957752146255	0	277	25	0	CENR4	N/A	NDB
2	33.0264297157801	-96.7163666467434	0	277	25	0	CENR5	N/A	NDB
2	33.0093841651557	-96.7157323061268	0	277	25	0	CENR6	N/A	NDB
2	32.9984940050003	-96.7153759853057	0	277	25	0	CENR7	N/A	NDB
2	32.9325147682845	-96.7658252732917	0	277	25	0	CENR8	N/A	NDB
2	32.9196116197702	-96.7715419578473	0	277	25	0	CENR9	N/A	NDB
2	32.9130388559260	-96.7745816514703	0	277	25	0	CENR10	N/A	NDB
2	32.8860432256128	-96.7755651884141	0	277	25	0	CENR11	N/A	NDB
2	32.8725189530369	-96.7752791563479	0	277	25	0	CENR12	N/A	NDB
2	32.8584456500286	-96.7752871406209	0	277	25	0	CENR13	N/A	NDB
2	32.8095640930306	-96.7986907559638	0	277	25	0	CENR14	N/A	NDB
2	32.7839759799035	-96.7975291943568	0	277	25	0	CENR15	N/A	NDB
2	32.7819530268694	-96.7953966910942	0	277	25	0	CENR16	N/A	NDB
2	32.7742030070895	-96.7888060129151	0	277	25	0	CENR17	N/A	NDB
2	32.7680709630185	-96.7841804644906	0	277	25	0	CENR18	N/A	NDB



2	32.8613470747490	-96.7250975486372	0	277	25	0	H12L1	N/A	NDB
2	32.8530753624416	-96.7227656722638	0	277	25	0	H12L2	N/A	NDB
2	32.8499618938239	-96.7227883820129	0	277	25	0	H12L3	N/A	NDB
2	32.8030326133279	-96.6904390558086	0	277	25	0	H12L4	N/A	NDB
2	32.7960925152875	-96.6899244290316	0	277	25	0	H12L5	N/A	NDB
2	32.7895149927491	-96.6865091012109	0	277	25	0	H12L6	N/A	NDB



2	32.7897645854501	-96.6772712830752	0	277	25	0	H12R1	N/A	NDB
2	32.7984507890327	-96.6769676899447	0	277	25	0	H12R2	N/A	NDB
2	32.8087501909063	-96.6773692388209	0	277	25	0	H12R3	N/A	NDB
2	32.8332485892966	-96.6938200052597	0	277	25	0	H12R4	N/A	NDB
2	32.8550882731161	-96.7125068986838	0	277	25	0	H12R5	N/A	NDB
2	32.8666675440739	-96.7168398602338	0	277	25	0	H12R6	N/A	NDB



2	33.0317891550148	-96.5258582994419	0	277	25	0	NHWR1	N/A	NDB
2	32.9711446790777	-96.6134273373201	0	277	25	0	NHWR2	N/A	NDB
2	32.9632054005043	-96.6200245282509	0	277	25	0	NHWR3	N/A	NDB
2	32.9580948092897	-96.6220623237363	0	277	25	0	NHWR4	N/A	NDB
2	32.9461474385142	-96.6270535115665	0	277	25	0	NHWR5	N/A	NDB
2	32.9245900005301	-96.6352543123132	0	277	25	0	NHWR6	N/A	NDB
2	32.8764725465280	-96.6682676014265	0	277	25	0	NHWR7	N/A	NDB
2	32.8685828023638	-96.6848362793629	0	277	25	0	NHWR8	N/A	NDB
2	32.8687262158301	-96.7169569639144	0	277	25	0	NHWR9	N/A	NDB
2	32.8615662023298	-96.7292409741134	0	277	25	0	NHWR10	N/A	NDB
2	32.8696883645997	-96.7617959703150	0	277	25	0	NHWR11	N/A	NDB
2	32.8698827716425	-96.7784835479666	0	277	25	0	NHWR12	N/A	NDB
2	32.8705287755946	-96.8036630493865	0	277	25	0	NHWR13	N/A	NDB
2	32.8709714864902	-96.8137570464757	0	277	25	0	NHWR14	N/A	NDB



2	32.8613604267562	-96.8146082767654	0	277	25	0	NHWL1	N/A	NDB
2	32.8607478929984	-96.8036277745017	0	277	25	0	NHWL2	N/A	NDB
2	32.8613518143873	-96.7786779018561	0	277	25	0	NHWL3	N/A	NDB
2	32.8604245312703	-96.7624920913943	0	277	25	0	NHWL4	N/A	NDB
2	32.8525282755213	-96.7523655865345	0	277	25	0	NHWL5	N/A	NDB
2	32.8493642990348	-96.7351535039273	0	277	25	0	NHWL6	N/A	NDB
2	32.8535522412763	-96.7241050138411	0	277	25	0	NHWL7	N/A	NDB
2	32.859993718003	    -96.7097823889426	0	277	25	0	NHWL8	N/A	NDB
2	32.859013443074	    -96.6841219306605	0	277	25	0	NHWL9	N/A	NDB
2	32.8605985095361	-96.6715396878022	0	277	25	0	NHWL10	N/A	NDB
2	32.865491577084	    -96.6638325008866	0	277	25	0	NHWL11	N/A	NDB
2	32.8720668086986	-96.6592682252234	0	277	25	0	NHWL12	N/A	NDB
2	32.9200998056258	-96.6220290985528	0	277	25	0	NHWL13	N/A	NDB
2	32.9424197343779	-96.6162549476244	0	277	25	0	NHWL14	N/A	NDB
2	32.9555210380459	-96.6110514321856	0	277	25	0	NHWL15	N/A	NDB
2	32.9633748136095	-96.6047265494863	0	277	25	0	NHWL16	N/A	NDB
2	33.0220862708261	-96.5185341100075	0	277	25	0	NHWL17	N/A	NDB



2	33.1707271720392	-96.6456315889120	0	277	25	0	COLR1	N/A	NDB
2	33.1599675649091	-96.6650665379329	0	277	25	0	COLR2	N/A	NDB
2	33.0991808168849	-96.8252598323979	0	277	25	0	COLR3	N/A	NDB
2	33.0987514959715	-96.8267610765188	0	277	25	0	COLR4	N/A	NDB
2	33.0876350381195	-96.8556667176784	0	277	25	0	COLR5	N/A	NDB
2	33.0564928430925	-96.9219349478445	0	277	25	0	COLR6	N/A	NDB
2	33.0483751680853	-96.9847057054865	0	277	25	0	COLR7	N/A	NDB
2	33.0381723794832	-96.995309531265	0	277	25	0	COLR8	N/A	NDB
2	33.0341149461148	-97.0013714123653	0	277	25	0	COLR9	N/A	NDB



2	33.0229043614072	-96.9924746648633	0	277	25	0	COLL1	N/A	NDB
2	33.0312603507701	-96.9831326733597	0	277	25	0	COLL2	N/A	NDB
2	33.0378637189892	-96.9784351229131	0	277	25	0	COLL3	N/A	NDB
2	33.0463224368632	-96.9172139072349	0	277	25	0	COLL4	N/A	NDB
2	33.0781332551017	-96.8492895956775	0	277	25	0	COLL5	N/A	NDB
2	33.0847888107166	-96.8289163140364	0	277	25	0	COLL6	N/A	NDB
2	33.0880806248517	-96.8137836654579	0	277	25	0	COLL7	N/A	NDB
2	33.0926593840072	-96.7755580368140	0	277	25	0	COLL8	N/A	NDB
2	33.1058066226243	-96.7362712427540	0	277	25	0	COLL9	N/A	NDB
2	33.1236018358693	-96.7184822795275	0	277	25	0	COLL10	N/A	NDB
2	33.1470177900434	-96.6602528141526	0	277	25	0	COLL11	N/A	NDB
2	33.1578416658305	-96.6314509365985	0	277	25	0	COLL12	N/A	NDB



2	32.9768935645050	-96.9335239429655	0	277	25	0	BUSL1	N/A	NDB
2	32.9790200317519	-96.9214394524447	0	277	25	0	BUSL2	N/A	NDB
2	32.9774672270927	-96.8975452668563	0	277	25	0	BUSL3	N/A	NDB
2	32.9813330857619	-96.8609200000487	0	277	25	0	BUSL4	N/A	NDB
2	33.0071937159102	-96.8435256128486	0	277	25	0	BUSL5	N/A	NDB
2	33.0072637287706	-96.8365218815652	0	277	25	0	BUSL6	N/A	NDB
2	33.0072699328018	-96.8218125998601	0	277	25	0	BUSL7	N/A	NDB
2	33.0070448546594	-96.7940099700545	0	277	25	0	BUSL8	N/A	NDB
2	32.9924880423015	-96.7678976204389	0	277	25	0	BUSL9	N/A	NDB
2	32.9993356412030	-96.7162054513984	0	277	25	0	BUSL10	N/A	NDB
2	32.9988306807696	-96.7006735368738	0	277	25	0	BUSL11	N/A	NDB
2	32.9961630191606	-96.6792608799850	0	277	25	0	BUSL12	N/A	NDB
2	32.9770725370779	-96.6697930534135	0	277	25	0	BUSL13	N/A	NDB
2	32.9619058061460	-96.6467048139240	0	277	25	0	BUSL14	N/A	NDB
2	32.9502812177059	-96.6284657923377	0	277	25	0	BUSL15	N/A	NDB
2	32.9428069216738	-96.6148808314669	0	277	25	0	BUSL16	N/A	NDB
2	32.9414684365535	-96.5688145417619	0	277	25	0	BUSL17	N/A	NDB
2	32.8896269964994	-96.5626455266103	0	277	25	0	BUSL18	N/A	NDB
2	32.8628554956588	-96.5616766461061	0	277	25	0	BUSL19	N/A	NDB
2	32.8508433109382	-96.5638449349785	0	277	25	0	BUSL20	N/A	NDB



2	32.8463829561832	-96.5498978061020	0	277	25	0	BUSR1	N/A	NDB
2	32.8609328702167	-96.5482130284164	0	277	25	0	BUSR2	N/A	NDB
2	32.8764887954925	-96.5454326768486	0	277	25	0	BUSR3	N/A	NDB
2	32.9314542616626	-96.5436161051978	0	277	25	0	BUSR4	N/A	NDB
2	32.9608514421728	-96.5522397936033	0	277	25	0	BUSR5	N/A	NDB
2	32.9521019464507	-96.6091108711764	0	277	25	0	BUSR6	N/A	NDB
2	32.9585775536364	-96.6192269917207	0	277	25	0	BUSR7	N/A	NDB
2	32.9702319993372	-96.6373885456346	0	277	25	0	BUSR8	N/A	NDB
2	32.9841327968932	-96.6477774213632	0	277	25	0	BUSR9	N/A	NDB
2	33.0041983239657	-96.6503403245088	0	277	25	0	BUSR10	N/A	NDB
2	33.0076418436274	-96.6663192927477	0	277	25	0	BUSR11	N/A	NDB
2	33.008785717523	    -96.7001353128329	0	277	25	0	BUSR12	N/A	NDB
2	33.00935759716	    -96.7157361899109	0	277	25	0	BUSR13	N/A	NDB
2	33.0092540308867	-96.7501453895298	0	277	25	0	BUSR14	N/A	NDB
2	33.0169300011024	-96.7866875784051	0	277	25	0	BUSR15	N/A	NDB
2	33.0170026682459	-96.8208004178549	0	277	25	0	BUSR16	N/A	NDB
2	33.0178076289101	-96.8368622969674	0	277	25	0	BUSR17	N/A	NDB
2	33.0178129795471	-96.8464523272326	0	277	25	0	BUSR18	N/A	NDB
2	33.0150039265234	-96.8553797526006	0	277	25	0	BUSR19	N/A	NDB
2	32.9970729151984	-96.8727451530435	0	277	25	0	BUSR20	N/A	NDB
2	32.9890970520112	-96.9242525412578	0	277	25	0	BUSR21	N/A	NDB
2	32.9868649259412	-96.9358002646092	0	277	25	0	BUSR22	N/A	NDB



2	32.7976024134206	-96.8107636565835	0	277	25	0	TWYR1	N/A	NDB
2	32.8069674260449	-96.8116154775704	0	277	25	0	TWYR2	N/A	NDB
2	32.8277697104162	-96.8087612751090	0	277	25	0	TWYR3	N/A	NDB
2	32.8446808058382	-96.8074492855364	0	277	25	0	TWYR4	N/A	NDB
2	32.8585867736911	-96.8064158764299	0	277	25	0	TWYR5	N/A	NDB
2	32.8708679429141	-96.8039882245918	0	277	25	0	TWYR6	N/A	NDB
2	32.8900020263517	-96.799937212638	0	277	25	0	TWYR7	N/A	NDB
2	32.9209178738635	-96.8130081418164	0	277	25	0	TWYR8	N/A	NDB
2	32.9318546594138	-96.8134852152729	0	277	25	0	TWYR9	N/A	NDB
2	32.9769266537879	-96.8162424032751	0	277	25	0	TWYR10	N/A	NDB
2	33.0064941870633	-96.8227518604865	0	277	25	0	TWYR11	N/A	NDB
2	33.0186979431107	-96.82244939532	    0	277	25	0	TWYR12	N/A	NDB
2	33.0557138406928	-96.8238243206649	0	277	25	0	TWYR13	N/A	NDB
2	33.0787242981014	-96.8164247287837	0	277	25	0	TWYR14	N/A	NDB
2	33.0953358625393	-96.8171094957055	0	277	25	0	TWYR15	N/A	NDB



2	33.0945272713425	-96.8295531213968	0	277	25	0	TWYL1	N/A	NDB
2	33.0849424693842	-96.8291587668639	0	277	25	0	TWYL2	N/A	NDB
2	33.0592077526336	-96.8364766895006	0	277	25	0	TWYL3	N/A	NDB
2	33.0189447466127	-96.8355568218759	0	277	25	0	TWYL4	N/A	NDB
2	33.0072574043517	-96.8365101425583	0	277	25	0	TWYL5	N/A	NDB
2	32.9791645427867	-96.8346988571635	0	277	25	0	TWYL6	N/A	NDB
2	32.9317863600926	-96.8276457397313	0	277	25	0	TWYL7	N/A	NDB
2	32.9196809727811	-96.8265198643824	0	277	25	0	TWYL8	N/A	NDB
2	32.8728633149566	-96.8160559169691	0	277	25	0	TWYL9	N/A	NDB
2	32.8599319018238	-96.8185503163313	0	277	25	0	TWYL10	N/A	NDB
2	32.8132914296685	-96.8244549449974	0	277	25	0	TWYL11	N/A	NDB
2	32.8065884727934	-96.8236120189614	0	277	25	0	TWYL12	N/A	NDB



2	32.7998317520332	-96.8242862987746	0	277	25	0	I35R1	N/A	NDB
2	32.8210312771505	-96.8587639274406	0	277	25	0	I35R2	N/A	NDB
2	32.8506073460201	-96.8723045236091	0	277	25	0	I35R3	N/A	NDB
2	32.869692227441	    -96.8910747742307	0	277	25	0	I35R4	N/A	NDB
2	32.9015898988989	-96.8917003413582	0	277	25	0	I35R5	N/A	NDB
2	32.9140100082345	-96.8914672210061	0	277	25	0	I35R6	N/A	NDB
2	32.9455795395445	-96.8958311584123	0	277	25	0	I35R7	N/A	NDB
2	32.972714223282	    -96.9134303665981	0	277	25	0	I35R8	N/A	NDB
2	32.9790190964477	-96.9214297354126	0	277	25	0	I35R9	N/A	NDB
2	32.9907531456892	-96.9292326024579	0	277	25	0	I35R10	N/A	NDB
2	33.0137120919885	-96.967335128197	0	277	25	0	I35R11	N/A	NDB
2	33.0309293760357	-96.9830886785325	0	277	25	0	I35R12	N/A	NDB
2	33.038417859537	    -96.9934482345297	0	277	25	0	I35R13	N/A	NDB
2	33.0842000294835	-97.0174721487633	0	277	25	0	I35R14	N/A	NDB
2	33.1356769260895	-97.0179879205419	0	277	25	0	I35R15	N/A	NDB
2	33.2029506952085	-97.1116070956288	0	277	25	0	I35R16	N/A	NDB



2	33.1961762592651	-97.1318399683855	0	277	25	0	I35L1	N/A	NDB
2	33.1418041097196	-97.1036568982866	0	277	25	0	I35L2	N/A	NDB
2	33.1003578006388	-97.0593314671019	0	277	25	0	I35L3	N/A	NDB
2	33.0634266324220	-97.0526389823619	0	277	25	0	I35L4	N/A	NDB
2	33.0573705215386	-97.0219178794349	0	277	25	0	I35L5	N/A	NDB
2	33.0419974984107	-97.0141323077184	0	277	25	0	I35L6	N/A	NDB
2	33.0275852054314	-97.0021441126826	0	277	25	0	I35L7	N/A	NDB
2	33.0226216111017	-96.9966216711669	0	277	25	0	I35L8	N/A	NDB
2	33.0034480545707	-96.9817501065888	0	277	25	0	I35L9	N/A	NDB
2	32.9772821342583	-96.9376659292198	0	277	25	0	I35L10	N/A	NDB
2	32.9403931195099	-96.9124594165349	0	277	25	0	I35L11	N/A	NDB
2	32.9109686361420	-96.9072041097656	0	277	25	0	I35L12	N/A	NDB
2	32.9024376381889	-96.9054848282844	0	277	25	0	I35L13	N/A	NDB
2	32.8657290261266	-96.9069884639029	0	277	25	0	I35L14	N/A	NDB
2	32.8070927602288	-96.8698886933403	0	277	25	0	I35L15	N/A	NDB
2	32.7905042466056	-96.8409520431005	0	277	25	0	I35L16	N/A	NDB
2	32.7837390497486	-96.8228836114448	0	277	25	0	I35L17	N/A	NDB
